0.285577
0.289758
0.344697
0.630115
0.934068
1.21019
1.51205
1.56426
1.33199
1.12012
1.10354
1.18123
1.24364
1.27811
1.28775
1.27011
1.20407
1.10343
1.01145
0.930582
0.864071
0.810743
0.751671
0.688259
0.62739
0.572854
0.526714
0.487482
0.451709
0.420041
0.394709
0.373032
0.355913
0.343064
0.33141
0.321181
0.311515
0.301552
0.290926
0.281671
0.273973
0.267207
0.260789
0.255418
0.251191
0.24827
0.248487
0.248856
0.247364
0.246701
0.245233
0.243816
0.242264
0.240192
0.236599
0.232589
0.228234
0.223119
0.21763
0.21212
0.206676
0.200941
0.194836
0.189787
0.184836
0.179687
0.174638
0.17079
0.16864
0.166631
0.16419
0.162656
0.162062
0.162349
0.164243
0.167151
0.167097
0.167358
0.16902
0.171041
0.172342
0.172866
0.172997
0.171879
0.170374
0.168865
0.167479
0.165928
0.164641
0.1635
0.162474
0.161541
0.160988
0.160975
0.160637
0.160022
0.158854
0.157807
0.157214
0.156542
0.155864
0.154792
0.153936
0.153106
0.152195
0.151493
0.151094
0.151064
0.151196
0.151818
0.151886
0.151341
0.150597
0.149937
0.148904
0.147112
0.144609
0.141781
0.138659
0.13521
0.131437
0.127728
0.123888
0.120436
0.116703
0.113197
0.111898
0.109247
0.097163
