0.499675
0.556516
0.609442
0.85521
1.08168
1.25516
1.58305
1.77651
1.7236
1.52378
1.48086
1.54059
1.6448
1.786
1.90116
1.95956
1.90443
1.79075
1.70323
1.63166
1.57084
1.52193
1.44633
1.34368
1.24844
1.15133
1.05833
0.983097
0.926689
0.869878
0.82097
0.774757
0.728103
0.701169
0.68131
0.662576
0.646533
0.63076
0.612528
0.595272
0.580037
0.562147
0.539593
0.521912
0.506412
0.492555
0.483692
0.477148
0.473921
0.469431
0.463307
0.457203
0.451964
0.446357
0.437099
0.429146
0.420352
0.411376
0.40005
0.38851
0.377641
0.365872
0.352095
0.339174
0.3281
0.316535
0.305263
0.297998
0.292418
0.285286
0.279797
0.276367
0.273945
0.273048
0.27333
0.274431
0.276923
0.278989
0.280903
0.2843
0.286412
0.287418
0.287228
0.28502
0.281944
0.279693
0.277787
0.27595
0.273738
0.272772
0.273136
0.274485
0.275654
0.276521
0.27752
0.278399
0.276471
0.274652
0.274719
0.273287
0.271896
0.268097
0.265087
0.263674
0.261092
0.25908
0.259745
0.26333
0.265806
0.266233
0.268538
0.271883
0.272835
0.273566
0.274638
0.271574
0.267101
0.262553
0.257023
0.250966
0.243046
0.235481
0.227972
0.222378
0.218334
0.21326
0.209238
0.208422
0.213244
